#Script for cleaning Media
#Time	Pitch	Roll	Pipe	Flow
0,	0,	0,	75,	0
10,	0,	0,	,	
20,	0,	-3.5,	,	
30,	0,	3.5,	,	
40,	0,	-3.5,	,	
50,	0,	3.5,	,	
60,	0,	-3.5,	,	
70,	0,	3.5,	,	
80,	0,	-3.5,	,	
90,	0,	3.5,	,	
100,	0,	-3.5,	,	
110,	0,	3.5,	,	
120,	0,	-3.5,	,	
130,	0,	3.5,	,	
140,	0,	-3.5,	,	
150,	0,	3.5,	,	
160,	0,	-3.5,	,	
170,	0,	3.5,	,	
180,	0,	-3.5,	,	
190,	0,	3.5,	,	
200,	0,	-3.5,	,	
210,	0,	3.5,	,	
220,	0,	-3.5,	,	
230,	0,	3.5,	,	
240,	0,	-3.5,	,	
250,	0,	3.5,	,	
260,	0,	-3.5,	,	
270,	0,	3.5,	,	
280,	0,	-3.5,	,	
290,	0,	3.5,	,	
300,	0,	-3.5,	,	
310,	0,	3.5,	,	
320,	0,	-3.5,	,	
330,	0,	3.5,	,	
340,	0,	-3.5,	,	
350,	0,	3.5,	,	
360,	0,	-3.5,	,	
370,	0,	3.5,	100,	0
380,	3.5,	0,	25,	0
400,	0,	0,	100,	0