#Script for cleaning Media
#Time	Pitch	Roll	Pipe	Flow
0,	0,	0,	10,	1000
5,	0,	,	10,	1000
20,	0,	0,	10,	1000
40,	0,	0,	,	
60,	1,	3.5,	,	
80,	,	-3.5,	,	
100,	0,	3.5,	,	
120,	,	-3.5,	,	
140,	1,	3.5,	,	
160,	,	-3.5,	,	
180,	0,	3.5,	,	
200,	,	-3.5,	,	
220,	1,	3.5,	,	
240,	,	-3.5,	,	
260,	0,	3.5,	,	
280,	,	-3.5,	,	
300,	1,	3.5,	,	
320,	,	-3.5,	,	
340,	0,	3.5,	,	
360,	,	-3.5,	100,	
380,	1,	3.5,	,	
400,	,	-3.5,	,	
420,	0,	3.5,	,	
440,	,	-3.5,	,	
460,	1,	3.5,	,	
480,	,	-3.5,	,	
500,	0,	3.5,	,	
520,	,	-3.5,	,	
540,	1,	3.5,	,	
560,	,	-3.5,	,	
580,	0,	3.5,	,	
600,	,	-3.5,	,	
620,	1,	3.5,	,	
640,	,	-3.5,	,	
680,	0,	0,	10,	0
700,	2,	0,	10,	0	